<div>                        <script type="text/javascript">window.PlotlyConfig = {MathJaxConfig: 'local'};</script>
        <script charset="utf-8" src="https://cdn.plot.ly/plotly-2.35.2.min.js"></script>                <div id="fcb87078-581d-441d-adaa-535c4558fbcc" class="plotly-graph-div" style="height:500px; width:100%;"></div>            <script type="text/javascript">                                    window.PLOTLYENV=window.PLOTLYENV || {};                                    if (document.getElementById("fcb87078-581d-441d-adaa-535c4558fbcc")) {                    Plotly.newPlot(                        "fcb87078-581d-441d-adaa-535c4558fbcc",                        [{"coloraxis":"coloraxis","name":"Truth","showscale":false,"x":[-5.0,-4.655172413793103,-4.310344827586206,-3.9655172413793105,-3.6206896551724137,-3.275862068965517,-2.9310344827586206,-2.586206896551724,-2.2413793103448274,-1.8965517241379306,-1.5517241379310343,-1.206896551724138,-0.8620689655172411,-0.5172413793103443,-0.1724137931034484,0.1724137931034484,0.5172413793103452,0.862068965517242,1.2068965517241388,1.5517241379310347,1.8965517241379315,2.2413793103448283,2.586206896551724,2.931034482758621,3.275862068965518,3.6206896551724146,3.9655172413793114,4.310344827586208,4.655172413793103,5.0],"y":[-5.0,-4.655172413793103,-4.310344827586206,-3.9655172413793105,-3.6206896551724137,-3.275862068965517,-2.9310344827586206,-2.586206896551724,-2.2413793103448274,-1.8965517241379306,-1.5517241379310343,-1.206896551724138,-0.8620689655172411,-0.5172413793103443,-0.1724137931034484,0.1724137931034484,0.5172413793103452,0.862068965517242,1.2068965517241388,1.5517241379310347,1.8965517241379315,2.2413793103448283,2.586206896551724,2.931034482758621,3.275862068965518,3.6206896551724146,3.9655172413793114,4.310344827586208,4.655172413793103,5.0],"z":[[50.0,46.6706302021403,43.579072532699165,40.725326991676575,38.10939357907253,35.731272294887034,33.59096313912009,31.6884661117717,30.023781212841854,28.59690844233056,27.40784780023781,26.456599286563616,25.743162901307965,25.267538644470868,25.029726516052317,25.029726516052317,25.267538644470868,25.74316290130797,26.456599286563616,27.407847800237814,28.59690844233056,30.023781212841858,31.6884661117717,33.5909631391201,35.73127229488704,38.10939357907254,40.72532699167658,43.57907253269918,46.6706302021403,50.0],[46.6706302021403,43.34126040428061,40.249702734839474,37.39595719381688,34.78002378121284,32.40190249702734,30.2615933412604,28.359096313912005,26.69441141498216,25.26753864447086,24.078478002378116,23.12722948870392,22.41379310344827,21.938168846611173,21.700356718192623,21.700356718192623,21.938168846611173,22.413793103448274,23.12722948870392,24.07847800237812,25.267538644470868,26.694411414982163,28.359096313912005,30.2615933412604,32.40190249702735,34.78002378121285,37.39595719381689,40.24970273483949,43.34126040428061,46.6706302021403],[43.579072532699165,40.249702734839474,37.15814506539833,34.30439952437574,31.688466111771696,29.3103448275862,27.170035671819257,25.267538644470864,23.60285374554102,22.175980975029724,20.986920332936975,20.03567181926278,19.32223543400713,18.846611177170033,18.608799048751482,18.608799048751482,18.846611177170033,19.322235434007133,20.03567181926278,20.98692033293698,22.175980975029724,23.602853745541022,25.267538644470864,27.170035671819264,29.310344827586206,31.688466111771703,34.30439952437575,37.158145065398344,40.249702734839474,43.579072532699165],[40.725326991676575,37.39595719381688,34.30439952437574,31.450653983353153,28.83472057074911,26.456599286563613,24.31629013079667,22.413793103448278,20.74910820451843,19.322235434007133,18.13317479191439,17.18192627824019,16.468489892984543,15.992865636147444,15.755053507728896,15.755053507728896,15.992865636147444,16.468489892984543,17.181926278240194,18.13317479191439,19.322235434007137,20.749108204518436,22.413793103448278,24.316290130796673,26.45659928656362,28.834720570749113,31.45065398335316,34.304399524375754,37.39595719381688,40.725326991676575],[38.10939357907253,34.78002378121284,31.688466111771696,28.83472057074911,26.218787158145066,23.84066587395957,21.700356718192626,19.797859690844234,18.133174791914385,16.70630202140309,15.517241379310345,14.565992865636147,13.8525564803805,13.3769322235434,13.139120095124852,13.139120095124852,13.3769322235434,13.852556480380501,14.565992865636149,15.517241379310345,16.706302021403094,18.133174791914392,19.797859690844234,21.70035671819263,23.840665873959576,26.21878715814507,28.834720570749116,31.68846611177171,34.78002378121284,38.10939357907253],[35.731272294887034,32.40190249702734,29.3103448275862,26.456599286563613,23.84066587395957,21.462544589774073,19.32223543400713,17.419738406658738,15.75505350772889,14.328180737217593,13.139120095124849,12.18787158145065,11.474435196195003,10.998810939357904,10.760998810939356,10.760998810939356,10.998810939357904,11.474435196195005,12.187871581450652,13.139120095124849,14.328180737217597,15.755053507728896,17.419738406658738,19.322235434007133,21.46254458977408,23.840665873959573,26.45659928656362,29.310344827586214,32.40190249702734,35.731272294887034],[33.59096313912009,30.2615933412604,27.170035671819257,24.31629013079667,21.700356718192626,19.32223543400713,17.181926278240187,15.279429250891795,13.614744351961948,12.18787158145065,10.998810939357906,10.047562425683708,9.33412604042806,8.858501783590961,8.620689655172413,8.620689655172413,8.858501783590961,9.334126040428062,10.04756242568371,10.998810939357906,12.187871581450654,13.614744351961953,15.279429250891795,17.18192627824019,19.322235434007137,21.70035671819263,24.316290130796677,27.17003567181927,30.2615933412604,33.59096313912009],[31.6884661117717,28.359096313912005,25.267538644470864,22.413793103448278,19.797859690844234,17.419738406658738,15.279429250891795,13.3769322235434,11.712247324613553,10.285374554102258,9.096313912009512,8.145065398335316,7.431629013079666,6.956004756242568,6.718192627824019,6.718192627824019,6.956004756242569,7.431629013079668,8.145065398335317,9.096313912009514,10.285374554102262,11.712247324613559,13.3769322235434,15.279429250891798,17.419738406658745,19.797859690844238,22.413793103448285,25.26753864447088,28.359096313912005,31.6884661117717],[30.023781212841854,26.69441141498216,23.60285374554102,20.74910820451843,18.133174791914385,15.75505350772889,13.614744351961948,11.712247324613553,10.047562425683708,8.620689655172411,7.431629013079665,6.480380499405468,5.76694411414982,5.291319857312722,5.053507728894172,5.053507728894172,5.291319857312723,5.766944114149822,6.480380499405471,7.431629013079666,8.620689655172415,10.047562425683711,11.712247324613553,13.614744351961951,15.755053507728897,18.133174791914392,20.749108204518436,23.602853745541033,26.69441141498216,30.023781212841854],[28.59690844233056,25.26753864447086,22.175980975029724,19.322235434007133,16.70630202140309,14.328180737217593,12.18787158145065,10.285374554102258,8.620689655172411,7.193816884661114,6.0047562425683685,5.053507728894171,4.340071343638523,3.8644470868014245,3.626634958382876,3.626634958382876,3.8644470868014253,4.340071343638525,5.053507728894174,6.004756242568369,7.193816884661118,8.620689655172416,10.285374554102258,12.187871581450654,14.3281807372176,16.706302021403097,19.32223543400714,22.175980975029738,25.26753864447086,28.59690844233056],[27.40784780023781,24.078478002378116,20.986920332936975,18.13317479191439,15.517241379310345,13.139120095124849,10.998810939357906,9.096313912009512,7.431629013079665,6.0047562425683685,4.815695600475623,3.864447086801426,3.151010701545778,2.675386444708679,2.43757431629013,2.43757431629013,2.6753864447086797,3.151010701545779,3.8644470868014285,4.815695600475625,6.004756242568372,7.43162901307967,9.096313912009512,10.99881093935791,13.139120095124856,15.517241379310349,18.133174791914396,20.98692033293699,24.078478002378116,27.40784780023781],[26.456599286563616,23.12722948870392,20.03567181926278,17.18192627824019,14.565992865636147,12.18787158145065,10.047562425683708,8.145065398335316,6.480380499405468,5.053507728894171,3.864447086801426,2.913198573127229,2.1997621878715807,1.724137931034482,1.4863258026159334,1.4863258026159334,1.724137931034483,2.1997621878715825,2.9131985731272314,3.8644470868014276,5.053507728894175,6.480380499405473,8.145065398335316,10.047562425683711,12.187871581450658,14.565992865636153,17.181926278240198,20.035671819262795,23.12722948870392,26.456599286563616],[25.743162901307965,22.41379310344827,19.32223543400713,16.468489892984543,13.8525564803805,11.474435196195003,9.33412604042806,7.431629013079666,5.76694411414982,4.340071343638523,3.151010701545778,2.1997621878715807,1.4863258026159325,1.0107015457788338,0.7728894173602849,0.7728894173602849,1.0107015457788346,1.486325802615934,2.199762187871583,3.151010701545779,4.3400713436385265,5.766944114149824,7.431629013079666,9.334126040428064,11.47443519619501,13.852556480380505,16.46848989298455,19.322235434007144,22.41379310344827,25.743162901307965],[25.267538644470868,21.938168846611173,18.846611177170033,15.992865636147444,13.3769322235434,10.998810939357904,8.858501783590961,6.956004756242568,5.291319857312722,3.8644470868014245,2.675386444708679,1.724137931034482,1.0107015457788338,0.5350772889417349,0.29726516052318613,0.29726516052318613,0.5350772889417359,1.0107015457788353,1.7241379310344842,2.67538644470868,3.864447086801428,5.291319857312726,6.956004756242568,8.858501783590965,10.998810939357911,13.376932223543406,15.992865636147451,18.846611177170047,21.938168846611173,25.267538644470868],[25.029726516052317,21.700356718192623,18.608799048751482,15.755053507728896,13.139120095124852,10.760998810939356,8.620689655172413,6.718192627824019,5.053507728894172,3.626634958382876,2.43757431629013,1.4863258026159334,0.7728894173602849,0.29726516052318613,0.05945303210463742,0.05945303210463742,0.2972651605231871,0.7728894173602865,1.4863258026159356,2.4375743162901315,3.6266349583828794,5.053507728894177,6.718192627824019,8.620689655172416,10.760998810939363,13.139120095124857,15.755053507728903,18.608799048751496,21.700356718192623,25.029726516052317],[25.029726516052317,21.700356718192623,18.608799048751482,15.755053507728896,13.139120095124852,10.760998810939356,8.620689655172413,6.718192627824019,5.053507728894172,3.626634958382876,2.43757431629013,1.4863258026159334,0.7728894173602849,0.29726516052318613,0.05945303210463742,0.05945303210463742,0.2972651605231871,0.7728894173602865,1.4863258026159356,2.4375743162901315,3.6266349583828794,5.053507728894177,6.718192627824019,8.620689655172416,10.760998810939363,13.139120095124857,15.755053507728903,18.608799048751496,21.700356718192623,25.029726516052317],[25.267538644470868,21.938168846611173,18.846611177170033,15.992865636147444,13.3769322235434,10.998810939357904,8.858501783590961,6.956004756242569,5.291319857312723,3.8644470868014253,2.6753864447086797,1.724137931034483,1.0107015457788346,0.5350772889417359,0.2972651605231871,0.2972651605231871,0.5350772889417368,1.0107015457788362,1.7241379310344853,2.675386444708681,3.864447086801429,5.291319857312727,6.956004756242569,8.858501783590965,10.998810939357911,13.376932223543406,15.992865636147451,18.846611177170047,21.938168846611173,25.267538644470868],[25.74316290130797,22.413793103448274,19.322235434007133,16.468489892984543,13.852556480380501,11.474435196195005,9.334126040428062,7.431629013079668,5.766944114149822,4.340071343638525,3.151010701545779,2.1997621878715825,1.486325802615934,1.0107015457788353,0.7728894173602865,0.7728894173602865,1.0107015457788362,1.4863258026159356,2.1997621878715847,3.1510107015457804,4.340071343638528,5.766944114149826,7.431629013079668,9.334126040428066,11.474435196195012,13.852556480380507,16.46848989298455,19.322235434007148,22.413793103448274,25.74316290130797],[26.456599286563616,23.12722948870392,20.03567181926278,17.181926278240194,14.565992865636149,12.187871581450652,10.04756242568371,8.145065398335317,6.480380499405471,5.053507728894174,3.8644470868014285,2.9131985731272314,2.199762187871583,1.7241379310344842,1.4863258026159356,1.4863258026159356,1.7241379310344853,2.1997621878715847,2.9131985731272336,3.8644470868014293,5.053507728894178,6.4803804994054754,8.145065398335317,10.047562425683713,12.18787158145066,14.565992865636154,17.1819262782402,20.035671819262795,23.12722948870392,26.456599286563616],[27.407847800237814,24.07847800237812,20.98692033293698,18.13317479191439,15.517241379310345,13.139120095124849,10.998810939357906,9.096313912009514,7.431629013079666,6.004756242568369,4.815695600475625,3.8644470868014276,3.151010701545779,2.67538644470868,2.4375743162901315,2.4375743162901315,2.675386444708681,3.1510107015457804,3.8644470868014293,4.8156956004756255,6.004756242568373,7.431629013079672,9.096313912009514,10.99881093935791,13.139120095124856,15.51724137931035,18.133174791914396,20.986920332936993,24.07847800237812,27.407847800237814],[28.59690844233056,25.267538644470868,22.175980975029724,19.322235434007137,16.706302021403094,14.328180737217597,12.187871581450654,10.285374554102262,8.620689655172415,7.193816884661118,6.004756242568372,5.053507728894175,4.3400713436385265,3.864447086801428,3.6266349583828794,3.6266349583828794,3.864447086801429,4.340071343638528,5.053507728894178,6.004756242568373,7.193816884661121,8.62068965517242,10.285374554102262,12.187871581450658,14.328180737217604,16.706302021403097,19.322235434007144,22.175980975029738,25.267538644470868,28.59690844233056],[30.023781212841858,26.694411414982163,23.602853745541022,20.749108204518436,18.133174791914392,15.755053507728896,13.614744351961953,11.712247324613559,10.047562425683711,8.620689655172416,7.43162901307967,6.480380499405473,5.766944114149824,5.291319857312726,5.053507728894177,5.053507728894177,5.291319857312727,5.766944114149826,6.4803804994054754,7.431629013079672,8.62068965517242,10.047562425683717,11.712247324613559,13.614744351961956,15.755053507728903,18.133174791914396,20.749108204518443,23.602853745541037,26.694411414982163,30.023781212841858],[31.6884661117717,28.359096313912005,25.267538644470864,22.413793103448278,19.797859690844234,17.419738406658738,15.279429250891795,13.3769322235434,11.712247324613553,10.285374554102258,9.096313912009512,8.145065398335316,7.431629013079666,6.956004756242568,6.718192627824019,6.718192627824019,6.956004756242569,7.431629013079668,8.145065398335317,9.096313912009514,10.285374554102262,11.712247324613559,13.3769322235434,15.279429250891798,17.419738406658745,19.797859690844238,22.413793103448285,25.26753864447088,28.359096313912005,31.6884661117717],[33.5909631391201,30.2615933412604,27.170035671819264,24.316290130796673,21.70035671819263,19.322235434007133,17.18192627824019,15.279429250891798,13.614744351961951,12.187871581450654,10.99881093935791,10.047562425683711,9.334126040428064,8.858501783590965,8.620689655172416,8.620689655172416,8.858501783590965,9.334126040428066,10.047562425683713,10.99881093935791,12.187871581450658,13.614744351961956,15.279429250891798,17.181926278240194,19.32223543400714,21.700356718192637,24.31629013079668,27.170035671819278,30.2615933412604,33.5909631391201],[35.73127229488704,32.40190249702735,29.310344827586206,26.45659928656362,23.840665873959576,21.46254458977408,19.322235434007137,17.419738406658745,15.755053507728897,14.3281807372176,13.139120095124856,12.187871581450658,11.47443519619501,10.998810939357911,10.760998810939363,10.760998810939363,10.998810939357911,11.474435196195012,12.18787158145066,13.139120095124856,14.328180737217604,15.755053507728903,17.419738406658745,19.32223543400714,21.462544589774087,23.84066587395958,26.456599286563627,29.31034482758622,32.40190249702735,35.73127229488704],[38.10939357907254,34.78002378121285,31.688466111771703,28.834720570749113,26.21878715814507,23.840665873959573,21.70035671819263,19.797859690844238,18.133174791914392,16.706302021403097,15.517241379310349,14.565992865636153,13.852556480380505,13.376932223543406,13.139120095124857,13.139120095124857,13.376932223543406,13.852556480380507,14.565992865636154,15.51724137931035,16.706302021403097,18.133174791914396,19.797859690844238,21.700356718192637,23.84066587395958,26.218787158145076,28.83472057074912,31.688466111771717,34.78002378121285,38.10939357907254],[40.72532699167658,37.39595719381689,34.30439952437575,31.45065398335316,28.834720570749116,26.45659928656362,24.316290130796677,22.413793103448285,20.749108204518436,19.32223543400714,18.133174791914396,17.181926278240198,16.46848989298455,15.992865636147451,15.755053507728903,15.755053507728903,15.992865636147451,16.46848989298455,17.1819262782402,18.133174791914396,19.322235434007144,20.749108204518443,22.413793103448285,24.31629013079668,26.456599286563627,28.83472057074912,31.450653983353167,34.30439952437576,37.39595719381689,40.72532699167658],[43.57907253269918,40.24970273483949,37.158145065398344,34.304399524375754,31.68846611177171,29.310344827586214,27.17003567181927,25.26753864447088,23.602853745541033,22.175980975029738,20.98692033293699,20.035671819262795,19.322235434007144,18.846611177170047,18.608799048751496,18.608799048751496,18.846611177170047,19.322235434007148,20.035671819262795,20.986920332936993,22.175980975029738,23.602853745541037,25.26753864447088,27.170035671819278,29.31034482758622,31.688466111771717,34.30439952437576,37.15814506539836,40.24970273483949,43.57907253269918],[46.6706302021403,43.34126040428061,40.249702734839474,37.39595719381688,34.78002378121284,32.40190249702734,30.2615933412604,28.359096313912005,26.69441141498216,25.26753864447086,24.078478002378116,23.12722948870392,22.41379310344827,21.938168846611173,21.700356718192623,21.700356718192623,21.938168846611173,22.413793103448274,23.12722948870392,24.07847800237812,25.267538644470868,26.694411414982163,28.359096313912005,30.2615933412604,32.40190249702735,34.78002378121285,37.39595719381689,40.24970273483949,43.34126040428061,46.6706302021403],[50.0,46.6706302021403,43.579072532699165,40.725326991676575,38.10939357907253,35.731272294887034,33.59096313912009,31.6884661117717,30.023781212841854,28.59690844233056,27.40784780023781,26.456599286563616,25.743162901307965,25.267538644470868,25.029726516052317,25.029726516052317,25.267538644470868,25.74316290130797,26.456599286563616,27.407847800237814,28.59690844233056,30.023781212841858,31.6884661117717,33.5909631391201,35.73127229488704,38.10939357907254,40.72532699167658,43.57907253269918,46.6706302021403,50.0]],"type":"heatmap","xaxis":"x","yaxis":"y"},{"contours":{"coloring":"none","end":50,"showlabels":false,"size":10,"start":0},"line":{"color":"black"},"showlegend":false,"showscale":false,"x":[-5.0,-4.655172413793103,-4.310344827586206,-3.9655172413793105,-3.6206896551724137,-3.275862068965517,-2.9310344827586206,-2.586206896551724,-2.2413793103448274,-1.8965517241379306,-1.5517241379310343,-1.206896551724138,-0.8620689655172411,-0.5172413793103443,-0.1724137931034484,0.1724137931034484,0.5172413793103452,0.862068965517242,1.2068965517241388,1.5517241379310347,1.8965517241379315,2.2413793103448283,2.586206896551724,2.931034482758621,3.275862068965518,3.6206896551724146,3.9655172413793114,4.310344827586208,4.655172413793103,5.0],"y":[-5.0,-4.655172413793103,-4.310344827586206,-3.9655172413793105,-3.6206896551724137,-3.275862068965517,-2.9310344827586206,-2.586206896551724,-2.2413793103448274,-1.8965517241379306,-1.5517241379310343,-1.206896551724138,-0.8620689655172411,-0.5172413793103443,-0.1724137931034484,0.1724137931034484,0.5172413793103452,0.862068965517242,1.2068965517241388,1.5517241379310347,1.8965517241379315,2.2413793103448283,2.586206896551724,2.931034482758621,3.275862068965518,3.6206896551724146,3.9655172413793114,4.310344827586208,4.655172413793103,5.0],"z":[[50.0,46.6706302021403,43.579072532699165,40.725326991676575,38.10939357907253,35.731272294887034,33.59096313912009,31.6884661117717,30.023781212841854,28.59690844233056,27.40784780023781,26.456599286563616,25.743162901307965,25.267538644470868,25.029726516052317,25.029726516052317,25.267538644470868,25.74316290130797,26.456599286563616,27.407847800237814,28.59690844233056,30.023781212841858,31.6884661117717,33.5909631391201,35.73127229488704,38.10939357907254,40.72532699167658,43.57907253269918,46.6706302021403,50.0],[46.6706302021403,43.34126040428061,40.249702734839474,37.39595719381688,34.78002378121284,32.40190249702734,30.2615933412604,28.359096313912005,26.69441141498216,25.26753864447086,24.078478002378116,23.12722948870392,22.41379310344827,21.938168846611173,21.700356718192623,21.700356718192623,21.938168846611173,22.413793103448274,23.12722948870392,24.07847800237812,25.267538644470868,26.694411414982163,28.359096313912005,30.2615933412604,32.40190249702735,34.78002378121285,37.39595719381689,40.24970273483949,43.34126040428061,46.6706302021403],[43.579072532699165,40.249702734839474,37.15814506539833,34.30439952437574,31.688466111771696,29.3103448275862,27.170035671819257,25.267538644470864,23.60285374554102,22.175980975029724,20.986920332936975,20.03567181926278,19.32223543400713,18.846611177170033,18.608799048751482,18.608799048751482,18.846611177170033,19.322235434007133,20.03567181926278,20.98692033293698,22.175980975029724,23.602853745541022,25.267538644470864,27.170035671819264,29.310344827586206,31.688466111771703,34.30439952437575,37.158145065398344,40.249702734839474,43.579072532699165],[40.725326991676575,37.39595719381688,34.30439952437574,31.450653983353153,28.83472057074911,26.456599286563613,24.31629013079667,22.413793103448278,20.74910820451843,19.322235434007133,18.13317479191439,17.18192627824019,16.468489892984543,15.992865636147444,15.755053507728896,15.755053507728896,15.992865636147444,16.468489892984543,17.181926278240194,18.13317479191439,19.322235434007137,20.749108204518436,22.413793103448278,24.316290130796673,26.45659928656362,28.834720570749113,31.45065398335316,34.304399524375754,37.39595719381688,40.725326991676575],[38.10939357907253,34.78002378121284,31.688466111771696,28.83472057074911,26.218787158145066,23.84066587395957,21.700356718192626,19.797859690844234,18.133174791914385,16.70630202140309,15.517241379310345,14.565992865636147,13.8525564803805,13.3769322235434,13.139120095124852,13.139120095124852,13.3769322235434,13.852556480380501,14.565992865636149,15.517241379310345,16.706302021403094,18.133174791914392,19.797859690844234,21.70035671819263,23.840665873959576,26.21878715814507,28.834720570749116,31.68846611177171,34.78002378121284,38.10939357907253],[35.731272294887034,32.40190249702734,29.3103448275862,26.456599286563613,23.84066587395957,21.462544589774073,19.32223543400713,17.419738406658738,15.75505350772889,14.328180737217593,13.139120095124849,12.18787158145065,11.474435196195003,10.998810939357904,10.760998810939356,10.760998810939356,10.998810939357904,11.474435196195005,12.187871581450652,13.139120095124849,14.328180737217597,15.755053507728896,17.419738406658738,19.322235434007133,21.46254458977408,23.840665873959573,26.45659928656362,29.310344827586214,32.40190249702734,35.731272294887034],[33.59096313912009,30.2615933412604,27.170035671819257,24.31629013079667,21.700356718192626,19.32223543400713,17.181926278240187,15.279429250891795,13.614744351961948,12.18787158145065,10.998810939357906,10.047562425683708,9.33412604042806,8.858501783590961,8.620689655172413,8.620689655172413,8.858501783590961,9.334126040428062,10.04756242568371,10.998810939357906,12.187871581450654,13.614744351961953,15.279429250891795,17.18192627824019,19.322235434007137,21.70035671819263,24.316290130796677,27.17003567181927,30.2615933412604,33.59096313912009],[31.6884661117717,28.359096313912005,25.267538644470864,22.413793103448278,19.797859690844234,17.419738406658738,15.279429250891795,13.3769322235434,11.712247324613553,10.285374554102258,9.096313912009512,8.145065398335316,7.431629013079666,6.956004756242568,6.718192627824019,6.718192627824019,6.956004756242569,7.431629013079668,8.145065398335317,9.096313912009514,10.285374554102262,11.712247324613559,13.3769322235434,15.279429250891798,17.419738406658745,19.797859690844238,22.413793103448285,25.26753864447088,28.359096313912005,31.6884661117717],[30.023781212841854,26.69441141498216,23.60285374554102,20.74910820451843,18.133174791914385,15.75505350772889,13.614744351961948,11.712247324613553,10.047562425683708,8.620689655172411,7.431629013079665,6.480380499405468,5.76694411414982,5.291319857312722,5.053507728894172,5.053507728894172,5.291319857312723,5.766944114149822,6.480380499405471,7.431629013079666,8.620689655172415,10.047562425683711,11.712247324613553,13.614744351961951,15.755053507728897,18.133174791914392,20.749108204518436,23.602853745541033,26.69441141498216,30.023781212841854],[28.59690844233056,25.26753864447086,22.175980975029724,19.322235434007133,16.70630202140309,14.328180737217593,12.18787158145065,10.285374554102258,8.620689655172411,7.193816884661114,6.0047562425683685,5.053507728894171,4.340071343638523,3.8644470868014245,3.626634958382876,3.626634958382876,3.8644470868014253,4.340071343638525,5.053507728894174,6.004756242568369,7.193816884661118,8.620689655172416,10.285374554102258,12.187871581450654,14.3281807372176,16.706302021403097,19.32223543400714,22.175980975029738,25.26753864447086,28.59690844233056],[27.40784780023781,24.078478002378116,20.986920332936975,18.13317479191439,15.517241379310345,13.139120095124849,10.998810939357906,9.096313912009512,7.431629013079665,6.0047562425683685,4.815695600475623,3.864447086801426,3.151010701545778,2.675386444708679,2.43757431629013,2.43757431629013,2.6753864447086797,3.151010701545779,3.8644470868014285,4.815695600475625,6.004756242568372,7.43162901307967,9.096313912009512,10.99881093935791,13.139120095124856,15.517241379310349,18.133174791914396,20.98692033293699,24.078478002378116,27.40784780023781],[26.456599286563616,23.12722948870392,20.03567181926278,17.18192627824019,14.565992865636147,12.18787158145065,10.047562425683708,8.145065398335316,6.480380499405468,5.053507728894171,3.864447086801426,2.913198573127229,2.1997621878715807,1.724137931034482,1.4863258026159334,1.4863258026159334,1.724137931034483,2.1997621878715825,2.9131985731272314,3.8644470868014276,5.053507728894175,6.480380499405473,8.145065398335316,10.047562425683711,12.187871581450658,14.565992865636153,17.181926278240198,20.035671819262795,23.12722948870392,26.456599286563616],[25.743162901307965,22.41379310344827,19.32223543400713,16.468489892984543,13.8525564803805,11.474435196195003,9.33412604042806,7.431629013079666,5.76694411414982,4.340071343638523,3.151010701545778,2.1997621878715807,1.4863258026159325,1.0107015457788338,0.7728894173602849,0.7728894173602849,1.0107015457788346,1.486325802615934,2.199762187871583,3.151010701545779,4.3400713436385265,5.766944114149824,7.431629013079666,9.334126040428064,11.47443519619501,13.852556480380505,16.46848989298455,19.322235434007144,22.41379310344827,25.743162901307965],[25.267538644470868,21.938168846611173,18.846611177170033,15.992865636147444,13.3769322235434,10.998810939357904,8.858501783590961,6.956004756242568,5.291319857312722,3.8644470868014245,2.675386444708679,1.724137931034482,1.0107015457788338,0.5350772889417349,0.29726516052318613,0.29726516052318613,0.5350772889417359,1.0107015457788353,1.7241379310344842,2.67538644470868,3.864447086801428,5.291319857312726,6.956004756242568,8.858501783590965,10.998810939357911,13.376932223543406,15.992865636147451,18.846611177170047,21.938168846611173,25.267538644470868],[25.029726516052317,21.700356718192623,18.608799048751482,15.755053507728896,13.139120095124852,10.760998810939356,8.620689655172413,6.718192627824019,5.053507728894172,3.626634958382876,2.43757431629013,1.4863258026159334,0.7728894173602849,0.29726516052318613,0.05945303210463742,0.05945303210463742,0.2972651605231871,0.7728894173602865,1.4863258026159356,2.4375743162901315,3.6266349583828794,5.053507728894177,6.718192627824019,8.620689655172416,10.760998810939363,13.139120095124857,15.755053507728903,18.608799048751496,21.700356718192623,25.029726516052317],[25.029726516052317,21.700356718192623,18.608799048751482,15.755053507728896,13.139120095124852,10.760998810939356,8.620689655172413,6.718192627824019,5.053507728894172,3.626634958382876,2.43757431629013,1.4863258026159334,0.7728894173602849,0.29726516052318613,0.05945303210463742,0.05945303210463742,0.2972651605231871,0.7728894173602865,1.4863258026159356,2.4375743162901315,3.6266349583828794,5.053507728894177,6.718192627824019,8.620689655172416,10.760998810939363,13.139120095124857,15.755053507728903,18.608799048751496,21.700356718192623,25.029726516052317],[25.267538644470868,21.938168846611173,18.846611177170033,15.992865636147444,13.3769322235434,10.998810939357904,8.858501783590961,6.956004756242569,5.291319857312723,3.8644470868014253,2.6753864447086797,1.724137931034483,1.0107015457788346,0.5350772889417359,0.2972651605231871,0.2972651605231871,0.5350772889417368,1.0107015457788362,1.7241379310344853,2.675386444708681,3.864447086801429,5.291319857312727,6.956004756242569,8.858501783590965,10.998810939357911,13.376932223543406,15.992865636147451,18.846611177170047,21.938168846611173,25.267538644470868],[25.74316290130797,22.413793103448274,19.322235434007133,16.468489892984543,13.852556480380501,11.474435196195005,9.334126040428062,7.431629013079668,5.766944114149822,4.340071343638525,3.151010701545779,2.1997621878715825,1.486325802615934,1.0107015457788353,0.7728894173602865,0.7728894173602865,1.0107015457788362,1.4863258026159356,2.1997621878715847,3.1510107015457804,4.340071343638528,5.766944114149826,7.431629013079668,9.334126040428066,11.474435196195012,13.852556480380507,16.46848989298455,19.322235434007148,22.413793103448274,25.74316290130797],[26.456599286563616,23.12722948870392,20.03567181926278,17.181926278240194,14.565992865636149,12.187871581450652,10.04756242568371,8.145065398335317,6.480380499405471,5.053507728894174,3.8644470868014285,2.9131985731272314,2.199762187871583,1.7241379310344842,1.4863258026159356,1.4863258026159356,1.7241379310344853,2.1997621878715847,2.9131985731272336,3.8644470868014293,5.053507728894178,6.4803804994054754,8.145065398335317,10.047562425683713,12.18787158145066,14.565992865636154,17.1819262782402,20.035671819262795,23.12722948870392,26.456599286563616],[27.407847800237814,24.07847800237812,20.98692033293698,18.13317479191439,15.517241379310345,13.139120095124849,10.998810939357906,9.096313912009514,7.431629013079666,6.004756242568369,4.815695600475625,3.8644470868014276,3.151010701545779,2.67538644470868,2.4375743162901315,2.4375743162901315,2.675386444708681,3.1510107015457804,3.8644470868014293,4.8156956004756255,6.004756242568373,7.431629013079672,9.096313912009514,10.99881093935791,13.139120095124856,15.51724137931035,18.133174791914396,20.986920332936993,24.07847800237812,27.407847800237814],[28.59690844233056,25.267538644470868,22.175980975029724,19.322235434007137,16.706302021403094,14.328180737217597,12.187871581450654,10.285374554102262,8.620689655172415,7.193816884661118,6.004756242568372,5.053507728894175,4.3400713436385265,3.864447086801428,3.6266349583828794,3.6266349583828794,3.864447086801429,4.340071343638528,5.053507728894178,6.004756242568373,7.193816884661121,8.62068965517242,10.285374554102262,12.187871581450658,14.328180737217604,16.706302021403097,19.322235434007144,22.175980975029738,25.267538644470868,28.59690844233056],[30.023781212841858,26.694411414982163,23.602853745541022,20.749108204518436,18.133174791914392,15.755053507728896,13.614744351961953,11.712247324613559,10.047562425683711,8.620689655172416,7.43162901307967,6.480380499405473,5.766944114149824,5.291319857312726,5.053507728894177,5.053507728894177,5.291319857312727,5.766944114149826,6.4803804994054754,7.431629013079672,8.62068965517242,10.047562425683717,11.712247324613559,13.614744351961956,15.755053507728903,18.133174791914396,20.749108204518443,23.602853745541037,26.694411414982163,30.023781212841858],[31.6884661117717,28.359096313912005,25.267538644470864,22.413793103448278,19.797859690844234,17.419738406658738,15.279429250891795,13.3769322235434,11.712247324613553,10.285374554102258,9.096313912009512,8.145065398335316,7.431629013079666,6.956004756242568,6.718192627824019,6.718192627824019,6.956004756242569,7.431629013079668,8.145065398335317,9.096313912009514,10.285374554102262,11.712247324613559,13.3769322235434,15.279429250891798,17.419738406658745,19.797859690844238,22.413793103448285,25.26753864447088,28.359096313912005,31.6884661117717],[33.5909631391201,30.2615933412604,27.170035671819264,24.316290130796673,21.70035671819263,19.322235434007133,17.18192627824019,15.279429250891798,13.614744351961951,12.187871581450654,10.99881093935791,10.047562425683711,9.334126040428064,8.858501783590965,8.620689655172416,8.620689655172416,8.858501783590965,9.334126040428066,10.047562425683713,10.99881093935791,12.187871581450658,13.614744351961956,15.279429250891798,17.181926278240194,19.32223543400714,21.700356718192637,24.31629013079668,27.170035671819278,30.2615933412604,33.5909631391201],[35.73127229488704,32.40190249702735,29.310344827586206,26.45659928656362,23.840665873959576,21.46254458977408,19.322235434007137,17.419738406658745,15.755053507728897,14.3281807372176,13.139120095124856,12.187871581450658,11.47443519619501,10.998810939357911,10.760998810939363,10.760998810939363,10.998810939357911,11.474435196195012,12.18787158145066,13.139120095124856,14.328180737217604,15.755053507728903,17.419738406658745,19.32223543400714,21.462544589774087,23.84066587395958,26.456599286563627,29.31034482758622,32.40190249702735,35.73127229488704],[38.10939357907254,34.78002378121285,31.688466111771703,28.834720570749113,26.21878715814507,23.840665873959573,21.70035671819263,19.797859690844238,18.133174791914392,16.706302021403097,15.517241379310349,14.565992865636153,13.852556480380505,13.376932223543406,13.139120095124857,13.139120095124857,13.376932223543406,13.852556480380507,14.565992865636154,15.51724137931035,16.706302021403097,18.133174791914396,19.797859690844238,21.700356718192637,23.84066587395958,26.218787158145076,28.83472057074912,31.688466111771717,34.78002378121285,38.10939357907254],[40.72532699167658,37.39595719381689,34.30439952437575,31.45065398335316,28.834720570749116,26.45659928656362,24.316290130796677,22.413793103448285,20.749108204518436,19.32223543400714,18.133174791914396,17.181926278240198,16.46848989298455,15.992865636147451,15.755053507728903,15.755053507728903,15.992865636147451,16.46848989298455,17.1819262782402,18.133174791914396,19.322235434007144,20.749108204518443,22.413793103448285,24.31629013079668,26.456599286563627,28.83472057074912,31.450653983353167,34.30439952437576,37.39595719381689,40.72532699167658],[43.57907253269918,40.24970273483949,37.158145065398344,34.304399524375754,31.68846611177171,29.310344827586214,27.17003567181927,25.26753864447088,23.602853745541033,22.175980975029738,20.98692033293699,20.035671819262795,19.322235434007144,18.846611177170047,18.608799048751496,18.608799048751496,18.846611177170047,19.322235434007148,20.035671819262795,20.986920332936993,22.175980975029738,23.602853745541037,25.26753864447088,27.170035671819278,29.31034482758622,31.688466111771717,34.30439952437576,37.15814506539836,40.24970273483949,43.57907253269918],[46.6706302021403,43.34126040428061,40.249702734839474,37.39595719381688,34.78002378121284,32.40190249702734,30.2615933412604,28.359096313912005,26.69441141498216,25.26753864447086,24.078478002378116,23.12722948870392,22.41379310344827,21.938168846611173,21.700356718192623,21.700356718192623,21.938168846611173,22.413793103448274,23.12722948870392,24.07847800237812,25.267538644470868,26.694411414982163,28.359096313912005,30.2615933412604,32.40190249702735,34.78002378121285,37.39595719381689,40.24970273483949,43.34126040428061,46.6706302021403],[50.0,46.6706302021403,43.579072532699165,40.725326991676575,38.10939357907253,35.731272294887034,33.59096313912009,31.6884661117717,30.023781212841854,28.59690844233056,27.40784780023781,26.456599286563616,25.743162901307965,25.267538644470868,25.029726516052317,25.029726516052317,25.267538644470868,25.74316290130797,26.456599286563616,27.407847800237814,28.59690844233056,30.023781212841858,31.6884661117717,33.5909631391201,35.73127229488704,38.10939357907254,40.72532699167658,43.57907253269918,46.6706302021403,50.0]],"type":"contour","xaxis":"x","yaxis":"y"},{"legendgroup":"samples","marker":{"color":"white","line":{"color":"black","width":0.5},"size":5},"mode":"markers","name":"Sampled data","showlegend":true,"x":[-3.0,-3.0,-3.0,-3.0,-3.0,-3.0,-3.0,-1.9871890054277497,-1.9871890054277497,-1.9871890054277497,-1.9871890054277497,-1.9871890054277497,-1.9871890054277497,-1.9871890054277497,-0.9168268880241617,-0.9168268880241617,-0.9168268880241617,-0.9168268880241617,-0.9168268880241617,-0.9168268880241617,-0.9168268880241617,-0.40819462855200206,-0.40819462855200206,-0.40819462855200206,-0.40819462855200206,-0.40819462855200206,-0.40819462855200206,-0.40819462855200206,1.0967903667112946,1.0967903667112946,1.0967903667112946,1.0967903667112946,1.0967903667112946,1.0967903667112946,1.0967903667112946,1.7034717113185622,1.7034717113185622,1.7034717113185622,1.7034717113185622,1.7034717113185622,1.7034717113185622,1.7034717113185622,3.0,3.0,3.0,3.0,3.0,3.0,3.0],"y":[-3.0,-2.3914535663132486,-0.596003016472,0.4190688297671034,1.277557613304815,1.8241523922560337,3.0,-3.0,-2.3914535663132486,-0.596003016472,0.4190688297671034,1.277557613304815,1.8241523922560337,3.0,-3.0,-2.3914535663132486,-0.596003016472,0.4190688297671034,1.277557613304815,1.8241523922560337,3.0,-3.0,-2.3914535663132486,-0.596003016472,0.4190688297671034,1.277557613304815,1.8241523922560337,3.0,-3.0,-2.3914535663132486,-0.596003016472,0.4190688297671034,1.277557613304815,1.8241523922560337,3.0,-3.0,-2.3914535663132486,-0.596003016472,0.4190688297671034,1.277557613304815,1.8241523922560337,3.0,-3.0,-2.3914535663132486,-0.596003016472,0.4190688297671034,1.277557613304815,1.8241523922560337,3.0],"type":"scatter","xaxis":"x","yaxis":"y"},{"coloraxis":"coloraxis","name":"InterpN","showscale":false,"x":[-5.0,-4.655172413793103,-4.310344827586206,-3.9655172413793105,-3.6206896551724137,-3.275862068965517,-2.9310344827586206,-2.586206896551724,-2.2413793103448274,-1.8965517241379306,-1.5517241379310343,-1.206896551724138,-0.8620689655172411,-0.5172413793103443,-0.1724137931034484,0.1724137931034484,0.5172413793103452,0.862068965517242,1.2068965517241388,1.5517241379310347,1.8965517241379315,2.2413793103448283,2.586206896551724,2.931034482758621,3.275862068965518,3.6206896551724146,3.9655172413793114,4.310344827586208,4.655172413793103,5.0],"y":[-5.0,-4.655172413793103,-4.310344827586206,-3.9655172413793105,-3.6206896551724137,-3.275862068965517,-2.9310344827586206,-2.586206896551724,-2.2413793103448274,-1.8965517241379306,-1.5517241379310343,-1.206896551724138,-0.8620689655172411,-0.5172413793103443,-0.1724137931034484,0.1724137931034484,0.5172413793103452,0.862068965517242,1.2068965517241388,1.5517241379310347,1.8965517241379315,2.2413793103448283,2.586206896551724,2.931034482758621,3.275862068965518,3.6206896551724146,3.9655172413793114,4.310344827586208,4.655172413793103,5.0],"z":[[49.999999999999936,46.670630202140245,43.5790725326991,40.725326991676546,38.10939357907249,35.73127229488703,33.5909631391201,31.688466111771703,30.023781212841858,28.59690844233056,27.407847800237814,26.456599286563613,25.743162901307965,25.267538644470868,25.02972651605232,25.029726516052307,25.267538644470868,25.743162901307954,26.456599286563616,27.407847800237818,28.596908442330566,30.02378121284186,31.68846611177169,33.59096313912008,35.73127229488703,38.1093935790725,40.72532699167654,43.579072532699115,46.67063020214024,49.99999999999985],[46.67063020214026,43.34126040428057,40.249702734839424,37.39595719381686,34.780023781212805,32.401902497027336,30.261593341260404,28.35909